NAME: sampleinstance
TYPE: TSP
COMMENT: An explicit distance matrix between given set of points. Scaling factor (dscale) used for getting integer distance below = 10000
DIMENSION: 10
EDGE_WEIGHT_TYPE: EXPLICIT
EDGE_WEIGHT_FORMAT: FULL_MATRIX
EDGE_WEIGHT_SECTION
0 	3923 	6155 	4653 	5221 	1866 	2881 	2989 	1176 	0 	
3923 	0 	2529 	5871 	6439 	3368 	4193 	5519 	5100 	0 	
6155 	2529 	0 	3341 	5357 	5600 	6425 	7751 	7332 	0 	
4653 	5871 	3341 	0 	3409 	3652 	4477 	5803 	5384 	0 	
5221 	6439 	5357 	3409 	0 	3354 	2340 	2394 	5045 	0 	
1866 	3368 	5600 	3652 	3354 	0 	1014 	2150 	1731 	0 	
2881 	4193 	6425 	4477 	2340 	1014 	0 	1325 	2705 	0 	
2989 	5519 	7751 	5803 	2394 	2150 	1325 	0 	2813 	0 	
1176 	5100 	7332 	5384 	5045 	1731 	2705 	2813 	0 	0 	
0 	0 	0 	0 	0 	0 	0 	0 	0 	0 	
EOF