NAME: sampleinstance
TYPE: TSP
COMMENT: An explicit distance matrix between given set of points. Scaling factor (dscale) used for getting integer distance below = 10000
DIMENSION: 51
EDGE_WEIGHT_TYPE: EXPLICIT
EDGE_WEIGHT_FORMAT: FULL_MATRIX
EDGE_WEIGHT_SECTION
0 	4383 	3959 	1463 	8965 	4166 	6606 	5861 	7187 	6331 	4530 	8520 	8530 	3996 	2102 	6379 	6097 	3870 	7094 	4362 	5057 	3166 	7751 	4737 	1885 	4414 	3332 	7008 	8680 	587 	6575 	4529 	1458 	4240 	6175 	4701 	3400 	6347 	7383 	6549 	7566 	6612 	3975 	6462 	2206 	9268 	2703 	5562 	5420 	5465 	0 	
4383 	0 	2926 	4719 	4708 	2812 	3186 	1768 	2929 	2074 	5595 	4274 	4258 	1076 	3138 	2470 	6899 	4147 	3001 	2838 	5737 	3321 	3392 	4839 	5982 	1293 	4134 	2724 	4422 	4971 	2318 	556 	5553 	1514 	1917 	4746 	4893 	2252 	3126 	2291 	3308 	2521 	1126 	2272 	6284 	5011 	3751 	2498 	2964 	1374 	0 	
3959 	2926 	0 	4421 	5005 	3015 	5441 	4695 	3227 	2375 	2669 	4561 	5518 	1849 	2840 	2419 	3973 	3851 	5927 	3204 	2810 	3023 	5837 	4549 	4242 	1632 	1208 	4614 	4797 	4531 	2693 	2369 	3855 	1411 	2337 	1820 	1967 	5179 	3424 	2590 	3606 	5448 	1799 	2502 	3358 	5309 	1256 	1603 	1461 	4300 	0 	
1463 	4719 	4421 	0 	9427 	2703 	5142 	4742 	7649 	6793 	4992 	8983 	8978 	4454 	1581 	6841 	6560 	2406 	5790 	2898 	5519 	1708 	8090 	3273 	3349 	4876 	3794 	7443 	9141 	2010 	7037 	4983 	2921 	4702 	6637 	5163 	3862 	5232 	7845 	7011 	8028 	5159 	4434 	6924 	3657 	9730 	3165 	6025 	5883 	4091 	0 	
8965 	4708 	5005 	9427 	0 	7520 	7888 	4805 	1778 	2633 	4712 	2388 	3613 	4973 	7846 	2586 	5856 	8855 	4229 	7546 	4713 	8029 	3953 	9547 	9246 	4551 	5633 	2731 	2445 	9537 	2390 	4443 	8860 	4725 	2790 	4296 	5566 	4348 	1581 	2416 	1399 	5328 	4993 	2502 	7099 	979 	6262 	3402 	3544 	5666 	0 	
4166 	2812 	3015 	2703 	7520 	0 	2439 	2715 	5742 	4886 	5671 	7076 	7071 	2547 	2063 	4934 	6976 	1335 	3504 	195 	5813 	1000 	6181 	2026 	6052 	2969 	4210 	5536 	7234 	4713 	5130 	3076 	5625 	2795 	4730 	4823 	4969 	3177 	5938 	5104 	6121 	2474 	2527 	5017 	6360 	7823 	3827 	4118 	3980 	1854 	0 	
6606 	3186 	5441 	5142 	7888 	2439 	0 	3083 	6110 	5256 	8111 	7460 	7439 	3602 	4503 	5416 	9415 	2736 	3856 	2243 	8252 	3439 	6549 	1888 	8491 	3842 	6650 	5904 	7602 	7153 	5498 	3482 	8064 	4037 	5098 	7262 	7409 	3544 	6309 	5472 	6489 	2560 	3650 	5422 	8799 	8191 	6266 	5072 	5490 	2222 	0 	
5861 	1768 	4695 	4742 	4805 	2715 	3083 	0 	3233 	2888 	7364 	5223 	4355 	2845 	3766 	4221 	8668 	4050 	1232 	2741 	7505 	3237 	3466 	4741 	7745 	3062 	5903 	2821 	4519 	6411 	2447 	2325 	7317 	3283 	2457 	6515 	6662 	497 	3753 	2882 	3443 	753 	2895 	3891 	8053 	5108 	5520 	4267 	4732 	860 	0 	
7187 	2929 	3227 	7649 	1778 	5742 	6110 	3233 	0 	855 	4230 	2065 	3936 	3194 	6067 	1087 	5533 	7077 	4367 	5768 	4370 	6250 	4276 	7768 	7468 	2772 	3856 	3053 	2769 	7758 	953 	2665 	7082 	2947 	1012 	3382 	3862 	3620 	592 	638 	379 	3947 	3215 	778 	5412 	2081 	4484 	1624 	1790 	3889 	0 	
6331 	2074 	2375 	6793 	2633 	4886 	5256 	2888 	855 	0 	4478 	2370 	3687 	2339 	5212 	1335 	5782 	6222 	4118 	4913 	4620 	5395 	4027 	6913 	6617 	1917 	3151 	2804 	2570 	6903 	704 	1810 	6229 	2091 	437 	3629 	3782 	3369 	1054 	217 	1234 	3641 	2359 	1006 	5203 	2936 	3630 	1381 	1847 	3043 	0 	
4530 	5595 	2669 	4992 	4712 	5671 	8111 	7364 	4230 	4478 	0 	3990 	8166 	4519 	3695 	3143 	1573 	5394 	8597 	5867 	526 	4677 	8506 	6262 	4811 	4302 	1466 	7283 	6999 	5102 	5183 	5039 	4425 	4081 	4916 	849 	1130 	7848 	3643 	4493 	4330 	8117 	4469 	3472 	2659 	5567 	1923 	3097 	2631 	6970 	0 	
8520 	4274 	4561 	8983 	2388 	7076 	7460 	5223 	2065 	2370 	3990 	0 	6002 	4528 	7401 	2141 	3469 	8411 	6432 	7102 	3464 	7584 	6342 	9102 	8802 	4106 	5188 	5118 	4834 	9092 	3018 	4001 	8416 	4280 	2767 	3819 	5120 	5685 	1475 	2341 	2164 	5972 	4548 	2058 	6649 	3368 	5817 	2957 	3099 	5310 	0 	
8530 	4258 	5518 	8978 	3613 	7071 	7439 	4355 	3936 	3687 	8166 	6002 	0 	4535 	7396 	5023 	9470 	8406 	3583 	7097 	8307 	7579 	889 	9097 	9095 	4196 	6714 	1534 	1167 	9106 	2983 	4001 	8674 	4394 	3252 	7317 	7466 	3894 	4529 	3672 	3837 	4878 	4557 	4693 	8862 	2633 	6428 	5069 	5534 	5216 	0 	
3996 	1076 	1849 	4454 	4973 	2547 	3602 	2845 	3194 	2339 	4519 	4528 	4535 	0 	2872 	2386 	5823 	3882 	4077 	2573 	4660 	3055 	4046 	4573 	4939 	422 	3058 	3043 	4687 	4571 	2583 	549 	4507 	438 	2183 	3670 	3817 	3329 	3391 	2556 	3574 	3598 	50 	2470 	5207 	5276 	2674 	1592 	1889 	2450 	0 	
2102 	3138 	2840 	1581 	7846 	2063 	4503 	3766 	6067 	5212 	3695 	7401 	7396 	2872 	0 	5259 	5180 	1767 	4995 	2259 	4041 	1063 	6512 	2634 	3988 	3294 	2286 	5862 	7560 	2650 	5456 	3402 	3561 	3120 	5055 	3586 	2910 	4256 	6264 	5429 	6446 	4509 	2852 	5343 	4296 	8149 	1784 	4443 	4301 	3362 	0 	
6379 	2470 	2419 	6841 	2586 	4934 	5416 	4221 	1087 	1335 	3143 	2141 	5023 	2386 	5259 	0 	4446 	6269 	5453 	4960 	3284 	5442 	5363 	6960 	6660 	1964 	3046 	4140 	3855 	6950 	2039 	1966 	6274 	2138 	1772 	2295 	2988 	4705 	1004 	1350 	1242 	4974 	2407 	329 	4532 	2900 	3675 	816 	958 	3836 	0 	
6097 	6899 	3973 	6560 	5856 	6976 	9415 	8668 	5533 	5782 	1573 	3469 	9470 	5823 	5180 	4446 	0 	6758 	9900 	7171 	1176 	6017 	9810 	7621 	6379 	5605 	2895 	8587 	8302 	6669 	6486 	6342 	5993 	5384 	6219 	2152 	2699 	9152 	4941 	5797 	5632 	9421 	5772 	4776 	4226 	6836 	3458 	4400 	3935 	8273 	0 	
3870 	4147 	3851 	2406 	8855 	1335 	2736 	4050 	7077 	6222 	5394 	8411 	8406 	3882 	1767 	6269 	6758 	0 	4823 	1308 	5582 	831 	7516 	869 	5755 	4304 	3927 	6871 	8570 	4417 	6465 	4411 	5328 	4130 	6065 	4776 	4674 	4511 	7274 	6439 	7456 	3533 	3862 	6352 	6063 	9158 	3533 	5453 	5311 	3189 	0 	
7094 	3001 	5927 	5790 	4229 	3504 	3856 	1232 	4367 	4118 	8597 	6432 	3583 	4077 	4995 	5453 	9900 	4823 	0 	3519 	8738 	4150 	2693 	5514 	8977 	4295 	7135 	2048 	3746 	7642 	3414 	3558 	8550 	4516 	3681 	7748 	7894 	748 	4959 	4103 	4268 	1295 	4128 	5124 	9285 	4337 	6752 	5499 	5965 	1707 	0 	
4362 	2838 	3204 	2898 	7546 	195 	2243 	2741 	5768 	4913 	5867 	7102 	7097 	2573 	2259 	4960 	7171 	1308 	3519 	0 	6008 	1195 	6207 	2000 	6247 	2995 	4406 	5562 	7261 	4909 	5156 	3103 	5820 	2821 	4756 	5018 	5165 	3203 	5965 	5130 	6147 	2341 	2553 	5043 	6555 	7850 	4022 	4145 	4013 	1880 	0 	
5057 	5737 	2810 	5519 	4713 	5813 	8252 	7505 	4370 	4620 	526 	3464 	8307 	4660 	4041 	3284 	1176 	5582 	8738 	6008 	0 	4842 	8647 	6445 	5338 	4443 	1758 	7424 	7140 	5629 	5324 	5180 	4952 	4222 	5057 	990 	1657 	7989 	3778 	4634 	4470 	8258 	4610 	3613 	3185 	5678 	2366 	3238 	2772 	7111 	0 	
3166 	3321 	3023 	1708 	8029 	1000 	3439 	3237 	6250 	5395 	4677 	7584 	7579 	3055 	1063 	5442 	6017 	831 	4150 	1195 	4842 	0 	6690 	1620 	5051 	3478 	3213 	6045 	7743 	3713 	5639 	3585 	4624 	3303 	5238 	3974 	3969 	3710 	6447 	5612 	6629 	3451 	3035 	5526 	5360 	8332 	2827 	4626 	4484 	2444 	0 	
7751 	3392 	5837 	8090 	3953 	6181 	6549 	3466 	4276 	4027 	8506 	6342 	889 	4046 	6512 	5363 	9810 	7516 	2693 	6207 	8647 	6690 	0 	8207 	8982 	4209 	7045 	1223 	1508 	8338 	3323 	3508 	8549 	4431 	3590 	7657 	7804 	3004 	4869 	4012 	4177 	3988 	4092 	5034 	9195 	2974 	6666 	5409 	5875 	4327 	0 	
4737 	4839 	4549 	3273 	9547 	2026 	1888 	4741 	7768 	6913 	6262 	9102 	9097 	4573 	2634 	6960 	7621 	869 	5514 	2000 	6445 	1620 	8207 	0 	6622 	4996 	4796 	7563 	9261 	5284 	7157 	5103 	6195 	4821 	6756 	5595 	5542 	5203 	7965 	7130 	8147 	4219 	4553 	7044 	6930 	9850 	4401 	6144 	6002 	3880 	0 	
1885 	5982 	4242 	3349 	9246 	6052 	8491 	7745 	7468 	6617 	4811 	8802 	9095 	4939 	3988 	6660 	6379 	5755 	8977 	6247 	5338 	5051 	8982 	6622 	0 	4910 	3613 	7854 	8992 	1338 	6876 	5474 	432 	4705 	6478 	4983 	3681 	8229 	7665 	6833 	7847 	8497 	4891 	6743 	2152 	9550 	2986 	5844 	5702 	7350 	0 	
4414 	1293 	1632 	4876 	4551 	2969 	3842 	3062 	2772 	1917 	4302 	4106 	4196 	422 	3294 	1964 	5605 	4304 	4295 	2995 	4443 	3478 	4209 	4996 	4910 	0 	2840 	3001 	4265 	4987 	2161 	736 	4486 	221 	1760 	3452 	3599 	3546 	2969 	2134 	3151 	3815 	442 	2048 	4990 	4854 	2458 	1237 	1670 	2668 	0 	
3332 	4134 	1208 	3794 	5633 	4210 	6650 	5903 	3856 	3151 	1466 	5188 	6714 	3058 	2286 	3046 	2895 	3927 	7135 	4406 	1758 	3213 	7045 	4796 	3613 	2840 	0 	5822 	5712 	3904 	3751 	3577 	3227 	2619 	3466 	1369 	758 	6387 	4051 	3291 	4234 	6656 	3007 	3130 	2150 	5937 	629 	2231 	2088 	5508 	0 	
7008 	2724 	4614 	7443 	2731 	5536 	5904 	2821 	3053 	2804 	7283 	5118 	1534 	3043 	5862 	4140 	8587 	6871 	2048 	5562 	7424 	6045 	1223 	7563 	7854 	3001 	5822 	0 	1698 	7587 	2100 	2497 	7423 	3222 	2367 	6434 	6581 	2360 	3645 	2789 	2954 	3344 	3072 	3810 	7972 	2289 	5448 	4186 	4651 	3682 	0 	
8680 	4422 	4797 	9141 	2445 	7234 	7602 	4519 	2769 	2570 	6999 	4834 	1167 	4687 	7560 	3855 	8302 	8570 	3746 	7261 	7140 	7743 	1508 	9261 	8992 	4265 	5712 	1698 	0 	9252 	2118 	4158 	8599 	4440 	2514 	6150 	6325 	4058 	3361 	2519 	2670 	5042 	4707 	3526 	7764 	1466 	6017 	3910 	4371 	5380 	0 	
587 	4971 	4531 	2010 	9537 	4713 	7153 	6411 	7758 	6903 	5102 	9092 	9106 	4571 	2650 	6950 	6669 	4417 	7642 	4909 	5629 	3713 	8338 	5284 	1338 	4987 	3904 	7587 	9252 	0 	7147 	5105 	911 	4812 	6747 	5273 	3972 	6897 	7955 	7120 	8138 	7159 	4550 	7034 	2443 	9840 	3274 	6134 	5992 	6012 	0 	
6575 	2318 	2693 	7037 	2390 	5130 	5498 	2447 	953 	704 	5183 	3018 	2983 	2583 	5456 	2039 	6486 	6465 	3414 	5156 	5324 	5639 	3323 	7157 	6876 	2161 	3751 	2100 	2118 	7147 	0 	2053 	6483 	2335 	400 	4333 	4482 	2667 	1545 	689 	997 	3075 	2603 	1710 	5885 	2693 	3898 	2085 	2551 	3276 	0 	
4529 	556 	2369 	4983 	4443 	3076 	3482 	2325 	2665 	1810 	5039 	4001 	4001 	549 	3402 	1966 	6342 	4411 	3558 	3103 	5180 	3585 	3508 	5103 	5474 	736 	3577 	2497 	4158 	5105 	2053 	0 	5041 	957 	1653 	4189 	4336 	2809 	2862 	2027 	3044 	3078 	587 	1945 	5727 	4746 	3194 	1941 	2407 	1931 	0 	
1458 	5553 	3855 	2921 	8860 	5625 	8064 	7317 	7082 	6229 	4425 	8416 	8674 	4507 	3561 	6274 	5993 	5328 	8550 	5820 	4952 	4624 	8549 	6195 	432 	4486 	3227 	7423 	8599 	911 	6483 	5041 	0 	4282 	6084 	4596 	3295 	7801 	7278 	6445 	7461 	8070 	4459 	6357 	1766 	9164 	2598 	5458 	5316 	6923 	0 	
4240 	1514 	1411 	4702 	4725 	2795 	4037 	3283 	2947 	2091 	4081 	4280 	4394 	438 	3120 	2138 	5384 	4130 	4516 	2821 	4222 	3303 	4431 	4821 	4705 	221 	2619 	3222 	4440 	4812 	2335 	957 	4282 	0 	1935 	3231 	3378 	3767 	3143 	2308 	3326 	4036 	387 	2222 	4769 	5028 	2237 	1323 	1453 	2889 	0 	
6175 	1917 	2337 	6637 	2790 	4730 	5098 	2457 	1012 	437 	4916 	2767 	3252 	2183 	5055 	1772 	6219 	6065 	3681 	4756 	5057 	5238 	3590 	6756 	6478 	1760 	3466 	2367 	2514 	6747 	400 	1653 	6084 	1935 	0 	4066 	4214 	2932 	1309 	426 	1391 	3208 	2203 	1443 	5611 	3093 	3506 	1818 	2284 	2877 	0 	
4701 	4746 	1820 	5163 	4296 	4823 	7262 	6515 	3382 	3629 	849 	3819 	7317 	3670 	3586 	2295 	2152 	4776 	7748 	5018 	990 	3974 	7657 	5595 	4983 	3452 	1369 	6434 	6150 	5273 	4333 	4189 	4596 	3231 	4066 	0 	1301 	6999 	2872 	3644 	3492 	7268 	3619 	2624 	2830 	4849 	1998 	2248 	1782 	6121 	0 	
3400 	4893 	1967 	3862 	5566 	4969 	7409 	6662 	3862 	3782 	1130 	5120 	7466 	3817 	2910 	2988 	2699 	4674 	7894 	5165 	1657 	3969 	7804 	5542 	3681 	3599 	758 	6581 	6325 	3972 	4482 	4336 	3295 	3378 	4214 	1301 	0 	7146 	3986 	3806 	4198 	7415 	3766 	3103 	1550 	5888 	1142 	2426 	2076 	6267 	0 	
6347 	2252 	5179 	5232 	4348 	3177 	3544 	497 	3620 	3369 	7848 	5685 	3894 	3329 	4256 	4705 	9152 	4511 	748 	3203 	7989 	3710 	3004 	5203 	8229 	3546 	6387 	2360 	4058 	6897 	2667 	2809 	7801 	3767 	2932 	6999 	7146 	0 	4211 	3354 	3535 	984 	3379 	4375 	8537 	4647 	6004 	4751 	5216 	1322 	0 	
7383 	3126 	3424 	7845 	1581 	5938 	6309 	3753 	592 	1054 	3643 	1475 	4529 	3391 	6264 	1004 	4941 	7274 	4959 	5965 	3778 	6447 	4869 	7965 	7665 	2969 	4051 	3645 	3361 	7955 	1545 	2862 	7278 	3143 	1309 	2872 	3986 	4211 	0 	886 	691 	4499 	3411 	921 	5521 	1979 	4680 	1820 	1962 	4097 	0 	
6549 	2291 	2590 	7011 	2416 	5104 	5472 	2882 	638 	217 	4493 	2341 	3672 	2556 	5429 	1350 	5797 	6439 	4103 	5130 	4634 	5612 	4012 	7130 	6833 	2134 	3291 	2789 	2519 	7120 	689 	2027 	6445 	2308 	426 	3644 	3806 	3354 	886 	0 	1017 	3632 	2577 	1021 	5249 	2719 	3846 	1396 	1862 	3253 	0 	
7566 	3308 	3606 	8028 	1399 	6121 	6489 	3443 	379 	1234 	4330 	2164 	3837 	3574 	6446 	1242 	5632 	7456 	4268 	6147 	4470 	6629 	4177 	8147 	7847 	3151 	4234 	2954 	2670 	8138 	997 	3044 	7461 	3326 	1391 	3492 	4198 	3535 	691 	1017 	0 	4050 	3594 	1105 	5747 	1702 	4863 	2003 	2149 	4267 	0 	
6612 	2521 	5448 	5159 	5328 	2474 	2560 	753 	3947 	3641 	8117 	5972 	4878 	3598 	4509 	4974 	9421 	3533 	1295 	2341 	8258 	3451 	3988 	4219 	8497 	3815 	6656 	3344 	5042 	7159 	3075 	3078 	8070 	4036 	3208 	7268 	7415 	984 	4499 	3632 	4050 	0 	3648 	4645 	8806 	5631 	6273 	5020 	5485 	1147 	0 	
3975 	1126 	1799 	4434 	4993 	2527 	3650 	2895 	3215 	2359 	4469 	4548 	4557 	50 	2852 	2407 	5772 	3862 	4128 	2553 	4610 	3035 	4092 	4553 	4891 	442 	3007 	3072 	4707 	4550 	2603 	587 	4459 	387 	2203 	3619 	3766 	3379 	3411 	2577 	3594 	3648 	0 	2490 	5157 	5296 	2624 	1601 	1840 	2501 	0 	
6462 	2272 	2502 	6924 	2502 	5017 	5422 	3891 	778 	1006 	3472 	2058 	4693 	2470 	5343 	329 	4776 	6352 	5124 	5043 	3613 	5526 	5034 	7044 	6743 	2048 	3130 	3810 	3526 	7034 	1710 	1945 	6357 	2222 	1443 	2624 	3103 	4375 	921 	1021 	1105 	4645 	2490 	0 	4654 	2807 	3759 	899 	1044 	3544 	0 	
2206 	6284 	3358 	3657 	7099 	6360 	8799 	8053 	5412 	5203 	2659 	6649 	8862 	5207 	4296 	4532 	4226 	6063 	9285 	6555 	3185 	5360 	9195 	6930 	2152 	4990 	2150 	7972 	7764 	2443 	5885 	5727 	1766 	4769 	5611 	2830 	1550 	8537 	5521 	5249 	5747 	8806 	5157 	4654 	0 	7432 	2532 	3919 	3624 	7658 	0 	
9268 	5011 	5309 	9730 	979 	7823 	8191 	5108 	2081 	2936 	5567 	3368 	2633 	5276 	8149 	2900 	6836 	9158 	4337 	7850 	5678 	8332 	2974 	9850 	9550 	4854 	5937 	2289 	1466 	9840 	2693 	4746 	9164 	5028 	3093 	4849 	5888 	4647 	1979 	2719 	1702 	5631 	5296 	2807 	7432 	0 	6565 	3706 	3851 	5969 	0 	
2703 	3751 	1256 	3165 	6262 	3827 	6266 	5520 	4484 	3630 	1923 	5817 	6428 	2674 	1784 	3675 	3458 	3533 	6752 	4022 	2366 	2827 	6666 	4401 	2986 	2458 	629 	5448 	6017 	3274 	3898 	3194 	2598 	2237 	3506 	1998 	1142 	6004 	4680 	3846 	4863 	6273 	2624 	3759 	2532 	6565 	0 	2859 	2717 	5125 	0 	
5562 	2498 	1603 	6025 	3402 	4118 	5072 	4267 	1624 	1381 	3097 	2957 	5069 	1592 	4443 	816 	4400 	5453 	5499 	4145 	3238 	4626 	5409 	6144 	5844 	1237 	2231 	4186 	3910 	6134 	2085 	1941 	5458 	1323 	1818 	2248 	2426 	4751 	1820 	1396 	2003 	5020 	1601 	899 	3919 	3706 	2859 	0 	465 	3872 	0 	
5420 	2964 	1461 	5883 	3544 	3980 	5490 	4732 	1790 	1847 	2631 	3099 	5534 	1889 	4301 	958 	3935 	5311 	5965 	4013 	2772 	4484 	5875 	6002 	5702 	1670 	2088 	4651 	4371 	5992 	2551 	2407 	5316 	1453 	2284 	1782 	2076 	5216 	1962 	1862 	2149 	5485 	1840 	1044 	3624 	3851 	2717 	465 	0 	4338 	0 	
5465 	1374 	4300 	4091 	5666 	1854 	2222 	860 	3889 	3043 	6970 	5310 	5216 	2450 	3362 	3836 	8273 	3189 	1707 	1880 	7111 	2444 	4327 	3880 	7350 	2668 	5508 	3682 	5380 	6012 	3276 	1931 	6923 	2889 	2877 	6121 	6267 	1322 	4097 	3253 	4267 	1147 	2501 	3544 	7658 	5969 	5125 	3872 	4338 	0 	0 	
0 	0 	0 	0 	0 	0 	0 	0 	0 	0 	0 	0 	0 	0 	0 	0 	0 	0 	0 	0 	0 	0 	0 	0 	0 	0 	0 	0 	0 	0 	0 	0 	0 	0 	0 	0 	0 	0 	0 	0 	0 	0 	0 	0 	0 	0 	0 	0 	0 	0 	0 	
EOF